207
244
74
9
105
278
13
98
82
148
101
62
152
121
43
265
206
29
206
110
119
20
284
94
176
262
60
143
167
147
187
25
131
271
224
71
184
227
185
158
129
10
255
272
57
297
256
33
249
60
241
38
4
64
13
134
245
287
211
120
47
68
36
49
176
122
93
172
249
127
16
101
276
53
235
154
111
217
103
202
254
153
80
196
80
228
148
91
6
300
220
18
151
295
121
148
105
285
110
136
71
126
157
94
73
271
87
12
231
109
133
103
59
170
278
67
257
62
206
156
295
102
10
187
107
161
194
52
174
179
53
128
263
295
16
130
83
191
294
190
16
124
120
4
296
210
59
277
4
123
89
209
74
290
19
101
40
211
270
223
106
183
96
255
214
170
167
277
169
136
7
208
204
217
141
121
79
250
24
29
94
207
181
202
95
91
259
134
99
235
145
292
291
129
66
60
70
194
106
210
